388
16 0 1
10 14 78
4 0 1
8 0 2
4 0 10
8 0 11
4 0 19
18 0 7
3 72 1
22 0 45
1 0 1
20 71 4
13 19 10
10 0 35
8 80 3
19 0 2
9 0 13
13 0 51
5 0 36
5 0 45
2 0 3
4 0 5
22 0 13
19 1 79
2 0 21
4 0 23
3 5 86
18 0 2
16 67 0
13 0 1
13 0 10
19 17 77
11 86 5
23 58 1
22 61 0
8 0 1
2 0 7
21 1 76
15 24 0
23 0 50
2 64 0
15 0 51
11 0 68
15 0 69
13 0 5
1 0 67
13 0 14
24 10 68
24 68 0
10 0 34
14 3 93
7 0 1
11 56 5
9 0 3
4 5 65
9 0 21
11 9 0
23 0 9
22 0 3
2 0 2
12 92 2
18 0 1
10 0 2
14 59 2
10 0 11
8 1 64
12 0 13
0 18 0
13 0 18
12 0 40
0 0 40
5 0 12
9 0 7
23 0 13
22 0 7
17 0 44
17 32 5
1 0 48
4 1 76
13 0 13
12 0 35
9 83 0
5 0 7
9 0 2
20 0 45
7 0 9
8 5 65
6 44 0
19 12 87
17 0 48
11 1 0
10 0 1
12 0 3
9 7 0
0 0 39
20 0 67
23 0 3
9 1 83
22 0 82
10 0 5
12 0 7
0 0 7
9 37 23
19 0 39
20 0 35
20 1 0
19 1 31
17 0 2
17 0 11
17 79 75
18 5 60
23 3 0
11 0 7
14 2 77
20 46 25
22 0 68
3 0 35
12 0 2
23 1 75
1 0 51
0 0 2
17 7 9
21 0 73
2 77 17
20 0 39
7 33 0
16 0 19
6 0 36
11 0 2
9 78 0
1 0 19
3 0 21
20 0 7
19 43 9
20 0 34
14 0 3
22 51 0
17 0 1
6 0 22
17 0 19
11 0 15
3 0 7
18 0 47
19 0 15
20 0 2
0 0 1
5 93 3
21 0 54
19 0 33
14 23 0
14 0 7
16 0 18
17 0 5
7 0 69
11 0 1
6 0 44
3 0 2
4 0 54
19 0 1
13 0 50
18 56 86
16 42 1
5 0 35
2 3 80
14 0 2
6 0 3
4 0 13
6 0 21
23 0 45
4 0 31
1 83 2
10 81 45
10 11 66
12 0 49
19 0 14
20 0 1
20 0 10
11 1 82
17 77 53
22 20 7
2 17 77
9 74 1
2 0 15
7 55 4
9 0 61
2 0 33
3 0 1
11 2 0
3 0 10
11 4 55
5 0 16
17 5 32
7 0 45
9 84 19
22 0 2
2 0 1
6 0 2
4 0 3
23 0 26
8 0 13
24 31 0
18 0 9
23 89 0
18 0 18
15 0 63
0 60 5
21 0 16
17 53 77
12 0 39
5 0 2
12 0 66
7 0 22
20 2 0
7 0 31
2 19 0
2 0 5
19 1 72
4 0 7
20 4 55
9 74 76
18 0 13
21 0 2
13 0 3
9 3 70
5 28 68
5 0 6
9 0 1
24 7 6
9 0 19
20 0 62
9 84 0
7 0 35
23 0 7
22 0 1
6 0 1
4 0 2
8 0 3
2 0 9
14 0 67
22 0 19
12 92 0
3 10 0
18 0 8
14 59 0
8 90 0
10 0 18
20 88 85
15 2 90
13 0 7
3 0 62
10 0 36
12 0 38
5 0 1
10 12 19
7 0 3
4 7 0
9 0 5
23 0 2
9 41 51
23 57 2
18 0 3
19 63 0
13 0 2
7 0 7
9 0 9
24 0 2
11 0 24
18 29 43
15 0 52
16 5 21
12 0 1
10 51 90
12 0 19
0 81 7
7 0 2
18 4 71
19 0 87
23 0 1
5 68 0
15 0 2
16 0 63
21 40 0
15 0 38
3 0 38
14 5 23
10 0 3
10 0 12
18 45 0
1 45 43
20 0 51
0 0 50
9 1 58
8 0 50
15 0 15
10 0 7
3 0 51
20 0 19
16 42 5
9 2 13
9 0 70
15 0 1
11 0 9
2 0 51
11 0 18
15 0 19
22 0 61
4 0 62
23 57 0
21 73 5
20 0 5
9 25 46
24 6 2
0 0 13
20 0 23
10 0 78
23 5 65
19 0 45
14 0 1
16 0 3
11 30 9
17 28 79
23 27 89
16 0 39
6 43 9
1 31 0
8 0 40
20 38 0
22 0 47
3 0 5
9 1 75
17 2 53
19 0 31
13 0 62
19 0 40
10 26 0
17 30 7
9 0 51
14 0 23
14 0 32
8 0 26
9 0 78
6 0 33
24 0 44
6 0 51
1 0 7
21 0 38
5 3 93
13 8 43
0 0 3
5 10 7
13 43 0
4 3 80
16 0 2
14 0 18
6 0 10
11 9 43
10 5 39
20 88 0
2 0 36
1 0 2
21 0 6
18 0 35
17 4 71
19 0 3
13 0 52
14 0 13
9 0 50
16 0 15
6 0 5
8 0 7
2 0 13
20 25 46
11 91 0
8 51 0
6 0 23
4 0 24
20 1 85
3 91 1
4 0 33
22 0 50
14 1 72
21 0 1
21 0 19
15 1 58
19 0 7
13 0 38
20 0 3
5 0 14
