0
12 1 0
0
18 0 2
18 3 0
18 1 3
0
21 1 3
26 3 0
21 2 3
1
4 1 2
19 0 2
1
11 0 1
2
12 0 1
3
17 0 1
17 2 1
4
13 0 1
5
20 1 0
6
29 1 0
7
28 0 1
7
27 1 0
27 2 1
8
0 0 1
18 0 2
0 0 2
8
3 0 1
3 0 1
8
12 0 1
9
28 1 0
10
8 0 1
8 2 1
8 2 0
11
27 0 1
11
19 0 1
12
13 3 0
10 1 3
13 0 2
12
22 0 1
13
1 0 1
1 1 0
17 0 2
13
24 3 1
24 1 2
10 0 2
14
24 0 1
15
0 1 2
0 1 0
15
21 0 2
21 1 2
16
11 1 2
11 3 1
11 2 0
17
25 1 0
17
21 1 0
18
14 0 3
3 2 3
3 1 2
18
14 1 0
10 2 1
19
6 1 2
13 0 2
20
2 3 1
2 3 2
2 0 2
20
24 2 0
24 1 2
21
10 0 1
22
15 0 1
22
18 1 0
23
26 1 0
26 1 0
23
25 0 1
23
16 1 0
24
14 2 1
14 1 0
24
10 1 0
5 0 3
10 2 1
25
2 1 0
15 2 1
26
6 1 0
26
6 0 1
26
14 0 2
14 0 1
26
22 1 0
22 2 0
27
7 0 1
27
11 2 0
11 3 2
11 0 2
11 0 1
27
20 1 0
14 0 1
28
29 1 0
29
22 0 1
29
14 1 0
